
../data/users_daily_timeseries_AAPL.csv
SONIC: 6.03300334198983
VAR+LASSO: 6.180712441668363
VAR: 1.930918797962746e+28
ZERO: 10.725137580449868

../data/users_BTC_timeseries_Daily.csv
SONIC: 9.074832250422672
VAR+LASSO: 9.074832181142293
VAR: 1.556869323517185e+28
ZERO: 11.07017657125181